>vector_1 <- c(2,5,6)
vector_3 <- c(7,8,9)
